---
source: src/lib.rs
expression: dbg!(result)
---
{
  "text_encoder": {
    "layer_28": 2.9069210970068067,
    "layer_08": 2.5526433805076016,
    "layer_05": 2.4642735594170753,
    "layer_30": 2.8715523784561747,
    "layer_25": 2.799656637404708,
    "layer_14": 2.82534215634467,
    "layer_01": 2.436261530287356,
    "layer_09": 2.605124137412777,
    "layer_00": 2.398623786521228,
    "layer_17": 2.856573554443203,
    "layer_12": 2.909897691479945,
    "layer_07": 2.5771845546871783,
    "layer_27": 2.6981724264439197,
    "layer_21": 2.8049301858088875,
    "layer_22": 2.9790958653316753,
    "layer_26": 2.906827809860221,
    "layer_24": 2.827270217244079,
    "layer_13": 2.864615594965109,
    "layer_11": 2.236038566105992,
    "layer_18": 2.9165044534280433,
    "layer_02": 2.585883574878324,
    "layer_20": 2.7940594038519677,
    "layer_19": 2.9181846132605895,
    "layer_31": 3.863799780183395,
    "layer_29": 2.798727564344977,
    "layer_15": 2.974957040121484,
    "layer_23": 2.861240965268156,
    "layer_03": 2.559074085055627,
    "layer_06": 2.516811396222815,
    "layer_16": 2.9225455991238527,
    "layer_04": 2.488665247778865,
    "layer_10": 2.5828950484584086
  },
  "unet": {
    "input_00": 3.9368478691984277,
    "output_01": 3.7485393705952395,
    "output_03": 5.532903021129881,
    "input_02": 3.7879225624753783,
    "input_03": 4.395878374398331,
    "output_00": 4.158135129624976,
    "middle_01": 3.710052128450167,
    "middle_00": 4.49129544650758,
    "input_01": 3.2558379804519535,
    "middle_03": 7.846870343021595,
    "middle_02": 4.2092003185840845,
    "output_02": 4.571775593484966
  }
}
