---
source: src/lib.rs
assertion_line: 341
expression: result
---
{
  "unet": {
    "up_00": 2.1742004173330853,
    "down_01": 2.230538075096385,
    "down_00": 2.0547019995405065,
    "down_02": 2.2030147237448237,
    "up_01": 2.2393360019167305,
    "up_02": 2.1206552568330026
  },
  "text_encoder": {
    "layer_08": 1.233122912380843,
    "layer_06": 1.2311805503592266,
    "layer_09": 1.2418230235341936,
    "layer_02": 1.238819093326412,
    "layer_04": 1.2323092332639431,
    "layer_00": 1.2405343164401639,
    "layer_03": 1.2326018935247578,
    "layer_05": 1.227648301288342,
    "layer_10": 1.2340809383377245,
    "layer_07": 1.229626061262309,
    "layer_01": 1.237123584120902,
    "layer_11": 1.2385596831422123
  }
}
