---
source: src/lib.rs
assertion_line: 352
expression: dbg!(result)
---
{
  "text_encoder": {
    "layer_05": 2.4642735594170753,
    "layer_10": 2.582895048458409,
    "layer_24": 2.827270217244079,
    "layer_30": 2.8715523784561747,
    "layer_22": 2.9790958653316757,
    "layer_06": 2.5168113962228156,
    "layer_23": 2.8612409652681556,
    "layer_12": 2.9098976914799457,
    "layer_07": 2.5771845546871783,
    "layer_28": 2.9069210970068067,
    "layer_13": 2.8646155949651084,
    "layer_25": 2.7996566374047074,
    "layer_02": 2.5858835748783235,
    "layer_04": 2.488665247778865,
    "layer_16": 2.9225455991238527,
    "layer_27": 2.6981724264439193,
    "layer_18": 2.916504453428043,
    "layer_01": 2.436261530287356,
    "layer_20": 2.7940594038519677,
    "layer_14": 2.82534215634467,
    "layer_08": 2.552643380507602,
    "layer_29": 2.798727564344977,
    "layer_21": 2.8049301858088875,
    "layer_26": 2.90682780986022,
    "layer_15": 2.974957040121484,
    "layer_00": 2.3986237865212274,
    "layer_17": 2.856573554443202,
    "layer_31": 3.863799780183395,
    "layer_09": 2.6051241374127776,
    "layer_03": 2.559074085055627,
    "layer_11": 2.2360385661059925,
    "layer_19": 2.9181846132605895
  },
  "unet": {
    "output_00": 4.158135129624977,
    "input_03": 4.395878374398332,
    "output_03": 5.532903021129882,
    "input_01": 3.2558379804519544,
    "output_02": 4.571775593484967,
    "input_00": 3.9368478691984286,
    "output_01": 3.748539370595239,
    "input_02": 3.7879225624753814
  }
}
