---
source: src/lib.rs
expression: dbg!(result)
---
{
  "text_encoder": {
    "layer_11": 2.236038566105992,
    "layer_03": 2.559074085055627,
    "layer_09": 2.605124137412777,
    "layer_15": 2.9749570401214847,
    "layer_18": 2.9165044534280433,
    "layer_06": 2.516811396222816,
    "layer_25": 2.7996566374047074,
    "layer_31": 3.8637997801833954,
    "layer_30": 2.8715523784561747,
    "layer_26": 2.90682780986022,
    "layer_02": 2.585883574878324,
    "layer_17": 2.856573554443203,
    "layer_20": 2.7940594038519677,
    "layer_04": 2.4886652477788647,
    "layer_19": 2.9181846132605895,
    "layer_01": 2.4362615302873563,
    "layer_21": 2.8049301858088875,
    "layer_28": 2.906921097006807,
    "layer_27": 2.6981724264439197,
    "layer_23": 2.861240965268156,
    "layer_24": 2.827270217244079,
    "layer_10": 2.582895048458408,
    "layer_08": 2.5526433805076016,
    "layer_29": 2.798727564344977,
    "layer_05": 2.4642735594170753,
    "layer_00": 2.3986237865212283,
    "layer_16": 2.9225455991238536,
    "layer_13": 2.864615594965109,
    "layer_07": 2.5771845546871783,
    "layer_14": 2.82534215634467,
    "layer_12": 2.9098976914799457,
    "layer_22": 2.9790958653316753
  },
  "unet": {
    "input_00": 3.93684786919843,
    "middle_01": 3.710052128450166,
    "middle_00": 4.49129544650758,
    "middle_02": 4.209200318584085,
    "middle_03": 7.846870343021595,
    "output_03": 5.532903021129883,
    "output_02": 4.571775593484964,
    "output_00": 4.158135129624979,
    "input_02": 3.78792256247538,
    "input_03": 4.395878374398332,
    "input_01": 3.2558379804519544,
    "output_01": 3.7485393705952395
  }
}
