---
source: src/lib.rs
expression: result
---
{
  "unet": {
    "down_02": 2.2030147237448237,
    "down_00": 2.0547019995405065,
    "up_02": 2.1206552568330026,
    "down_01": 2.230538075096385,
    "mid_01": 2.2196846091685765,
    "up_01": 2.239336001916731,
    "mid_00": 2.152647303863596,
    "mid_02": 2.224794629779768,
    "up_00": 2.1742004173330853
  },
  "text_encoder": {
    "layer_08": 1.233122912380843,
    "layer_02": 1.238819093326412,
    "layer_07": 1.229626061262309,
    "layer_04": 1.2323092332639434,
    "layer_01": 1.237123584120902,
    "layer_10": 1.2340809383377243,
    "layer_06": 1.2311805503592266,
    "layer_09": 1.2418230235341936,
    "layer_05": 1.227648301288342,
    "layer_00": 1.2405343164401639,
    "layer_03": 1.232601893524758,
    "layer_11": 1.2385596831422123
  }
}
