---
source: src/lib.rs
expression: result
---
{
  "text_encoder": {
    "layer_05": 1.2276483012883421,
    "layer_09": 1.2418230235341936,
    "layer_00": 1.2405343164401639,
    "layer_03": 1.2326018935247578,
    "layer_11": 1.2385596831422125,
    "layer_10": 1.2340809383377243,
    "layer_01": 1.237123584120902,
    "layer_06": 1.2311805503592268,
    "layer_07": 1.229626061262309,
    "layer_02": 1.238819093326412,
    "layer_08": 1.233122912380843,
    "layer_04": 1.232309233263943
  },
  "unet": {
    "down_02": 2.2030147237448237,
    "up_00": 2.174200417333085,
    "up_02": 2.1206552568330026,
    "down_01": 2.230538075096385,
    "up_01": 2.2393360019167305,
    "down_00": 2.054701999540506
  }
}
